Start date (y/m/d) = 2010-01-01
2010 1 1 18
2010 2 2 16
2010 3 3 22
2010 4 4 20
2010 5 5 15
2010 6 6 13
2010 7 7 0
2010 8 8 15
2010 9 9 14
2010 10 10 20
2010 11 11 25
2010 12 12 35
2010 13 13 35
2010 14 14 41
2010 15 15 34
2010 16 16 26
2010 17 17 24
2010 18 18 16
2010 19 19 14
2010 20 20 0
2010 21 21 16
2010 22 22 17
2010 23 23 30
2010 24 24 40
2010 25 25 32
2010 26 26 34
2010 27 27 28
2010 28 28 15
2010 29 29 13
2010 30 30 12
2010 31 31 25
2010 32 32 14
2010 33 33 16
2010 34 34 11
2010 35 35 11
2010 36 36 11
2010 37 37 22
2010 38 38 30
2010 39 39 51
2010 40 40 71
2010 41 41 63
2010 42 42 55
2010 43 43 64
2010 44 44 38
2010 45 45 37
2010 46 46 28
2010 47 47 27
2010 48 48 28
2010 49 49 49
2010 50 50 17
2010 51 51 23
2010 52 52 19
2010 53 53 17
2010 54 54 14
2010 55 55 31
2010 56 56 40
2010 57 57 30
2010 58 58 26
2010 59 59 26
2010 60 60 13
2010 61 61 36
2010 62 62 39
2010 63 63 39
2010 64 64 40
2010 65 65 35
2010 66 66 0
2010 67 67 0
2010 68 68 0
2010 69 69 0
2010 70 70 12
2010 71 71 31
2010 72 72 36
2010 73 73 32
2010 74 74 30
2010 75 75 28
2010 76 76 21
2010 77 77 28
2010 78 78 28
2010 79 79 24
2010 80 80 25
2010 81 81 25
2010 82 82 17
2010 83 83 26
2010 84 84 14
2010 85 85 25
2010 86 86 27
2010 87 87 30
2010 88 88 33
2010 89 89 32
2010 90 90 32
2010 91 91 23
2010 92 92 25
2010 93 93 28
2010 94 94 27
2010 95 95 40
2010 96 96 41
2010 97 97 41
2010 98 98 25
2010 99 99 23
2010 100 100 11
2010 101 101 11
2010 102 102 0
2010 103 103 14
2010 104 104 14
2010 105 105 12
2010 106 106 0
2010 107 107 0
2010 108 108 0
2010 109 109 0
2010 110 110 0
2010 111 111 0
2010 112 112 0
2010 113 113 0
2010 114 114 0
2010 115 115 0
2010 116 116 0
2010 117 117 0
2010 118 118 0
2010 119 119 12
2010 120 120 0
2010 121 121 12
2010 122 122 13
2010 123 123 47
2010 124 124 61
2010 125 125 70
2010 126 126 77
2010 127 127 45
2010 128 128 24
2010 129 129 23
2010 130 130 0
2010 131 131 0
2010 132 132 0
2010 133 133 0
2010 134 134 0
2010 135 135 0
2010 136 136 0
2010 137 137 0
2010 138 138 0
2010 139 139 0
2010 140 140 0
2010 141 141 12
2010 142 142 15
2010 143 143 20
2010 144 144 23
2010 145 145 17
2010 146 146 16
2010 147 147 11
2010 148 148 11
2010 149 149 12
2010 150 150 43
2010 151 151 40
2010 152 152 39
2010 153 153 14
2010 154 154 18
2010 155 155 17
2010 156 156 18
2010 157 157 25
2010 158 158 12
2010 159 159 12
2010 160 160 12
2010 161 161 28
2010 162 162 41
2010 163 163 43
2010 164 164 46
2010 165 165 46
2010 166 166 12
2010 167 167 0
2010 168 168 0
2010 169 169 14
2010 170 170 16
2010 171 171 28
2010 172 172 13
2010 173 173 14
2010 174 174 14
2010 175 175 14
2010 176 176 13
2010 177 177 12
2010 178 178 12
2010 179 179 11
2010 180 180 11
2010 181 181 24
2010 182 182 11
2010 183 183 11
2010 184 184 11
2010 185 185 11
2010 186 186 11
2010 187 187 23
2010 188 188 23
2010 189 189 22
2010 190 190 11
2010 191 191 12
2010 192 192 18
2010 193 193 25
2010 194 194 22
2010 195 195 28
2010 196 196 16
2010 197 197 15
2010 198 198 17
2010 199 199 13
2010 200 200 12
2010 201 201 25
2010 202 202 32
2010 203 203 38
2010 204 204 39
2010 205 205 45
2010 206 206 41
2010 207 207 39
2010 208 208 39
2010 209 209 15
2010 210 210 31
2010 211 211 31
2010 212 212 29
2010 213 213 12
2010 214 214 13
2010 215 215 17
2010 216 216 13
2010 217 217 27
2010 218 218 54
2010 219 219 49
2010 220 220 47
2010 221 221 46
2010 222 222 53
2010 223 223 56
2010 224 224 66
2010 225 225 50
2010 226 226 51
2010 227 227 31
2010 228 228 33
2010 229 229 39
2010 230 230 26
2010 231 231 23
2010 232 232 0
2010 233 233 0
2010 234 234 0
2010 235 235 0
2010 236 236 0
2010 237 237 11
2010 238 238 23
2010 239 239 23
2010 240 240 11
2010 241 241 11
2010 242 242 25
2010 243 243 28
2010 244 244 27
2010 245 245 51
2010 246 246 52
2010 247 247 54
2010 248 248 53
2010 249 249 58
2010 250 250 24
2010 251 251 16
2010 252 252 11
2010 253 253 0
2010 254 254 11
2010 255 255 11
2010 256 256 26
2010 257 257 17
2010 258 258 24
2010 259 259 20
2010 260 260 46
2010 261 261 41
2010 262 262 42
2010 263 263 50
2010 264 264 38
2010 265 265 37
2010 266 266 26
2010 267 267 34
2010 268 268 34
2010 269 269 40
2010 270 270 57
2010 271 271 52
2010 272 272 49
2010 273 273 51
2010 274 274 45
2010 275 275 44
2010 276 276 42
2010 277 277 28
2010 278 278 23
2010 279 279 0
2010 280 280 0
2010 281 281 0
2010 282 282 0
2010 283 283 12
2010 284 284 13
2010 285 285 11
2010 286 286 11
2010 287 287 24
2010 288 288 34
2010 289 289 51
2010 290 290 48
2010 291 291 61
2010 292 292 69
2010 293 293 65
2010 294 294 61
2010 295 295 34
2010 296 296 34
2010 297 297 43
2010 298 298 57
2010 299 299 57
2010 300 300 74
2010 301 301 53
2010 302 302 27
2010 303 303 24
2010 304 304 32
2010 305 305 32
2010 306 306 30
2010 307 307 17
2010 308 308 18
2010 309 309 34
2010 310 310 29
2010 311 311 43
2010 312 312 34
2010 313 313 36
2010 314 314 35
2010 315 315 55
2010 316 316 55
2010 317 317 68
2010 318 318 63
2010 319 319 69
2010 320 320 62
2010 321 321 55
2010 322 322 61
2010 323 323 40
2010 324 324 37
2010 325 325 24
2010 326 326 25
2010 327 327 23
2010 328 328 12
2010 329 329 11
2010 330 330 22
2010 331 331 23
2010 332 332 22
2010 333 333 34
2010 334 334 31
2010 335 335 24
2010 336 336 25
2010 337 337 32
2010 338 338 27
2010 339 339 48
2010 340 340 47
2010 341 341 35
2010 342 342 34
2010 343 343 22
2010 344 344 22
2010 345 345 33
2010 346 346 25
2010 347 347 23
2010 348 348 46
2010 349 349 33
2010 350 350 11
2010 351 351 23
2010 352 352 11
2010 353 353 0
2010 354 354 0
2010 355 355 0
2010 356 356 0
2010 357 357 0
2010 358 358 0
2010 359 359 0
2010 360 360 28
2010 361 361 28
2010 362 362 14
2010 363 363 31
2010 364 364 37
2010 365 365 24
2011 1 366 23
2011 2 367 65
2011 3 368 38
2011 4 369 51
2011 5 370 54
2011 6 371 50
2011 7 372 28
2011 8 373 52
2011 9 374 52
2011 10 375 52
2011 11 376 35
2011 12 377 26
2011 13 378 23
2011 14 379 14
2011 15 380 0
2011 16 381 11
2011 17 382 15
2011 18 383 36
2011 19 384 34
2011 20 385 28
2011 21 386 32
2011 22 387 42
2011 23 388 36
2011 24 389 38
2011 25 390 28
2011 26 391 27
2011 27 392 25
2011 28 393 12
2011 29 394 27
2011 30 395 27
2011 31 396 22
2011 32 397 21
2011 33 398 22
2011 34 399 22
2011 35 400 32
2011 36 401 45
2011 37 402 26
2011 38 403 41
2011 39 404 28
2011 40 405 71
2011 41 406 67
2011 42 407 38
2011 43 408 54
2011 44 409 63
2011 45 410 84
2011 46 411 90
2011 47 412 100
2011 48 413 60
2011 49 414 51
2011 50 415 101
2011 51 416 79
2011 52 417 103
2011 53 418 60
2011 54 419 34
2011 55 420 27
2011 56 421 23
2011 57 422 31
2011 58 423 49
2011 59 424 44
2011 60 425 54
2011 61 426 72
2011 62 427 83
2011 63 428 71
2011 64 429 104
2011 65 430 114
2011 66 431 118
2011 67 432 122
2011 68 433 137
2011 69 434 132
2011 70 435 88
2011 71 436 105
2011 72 437 78
2011 73 438 64
2011 74 439 51
2011 75 440 47
2011 76 441 50
2011 77 442 45
2011 78 443 35
2011 79 444 48
2011 80 445 47
2011 81 446 34
2011 82 447 31
2011 83 448 46
2011 84 449 73
2011 85 450 104
2011 86 451 104
2011 87 452 132
2011 88 453 103
2011 89 454 108
2011 90 455 91
2011 91 456 76
2011 92 457 62
2011 93 458 66
2011 94 459 70
2011 95 460 83
2011 96 461 65
2011 97 462 56
2011 98 463 73
2011 99 464 97
2011 100 465 56
2011 101 466 56
2011 102 467 80
2011 103 468 114
2011 104 469 153
2011 105 470 131
2011 106 471 124
2011 107 472 97
2011 108 473 67
2011 109 474 67
2011 110 475 76
2011 111 476 90
2011 112 477 100
2011 113 478 103
2011 114 479 80
2011 115 480 78
2011 116 481 67
2011 117 482 57
2011 118 483 39
2011 119 484 71
2011 120 485 70
2011 121 486 76
2011 122 487 57
2011 123 488 51
2011 124 489 77
2011 125 490 72
2011 126 491 95
2011 127 492 71
2011 128 493 38
2011 129 494 61
2011 130 495 93
2011 131 496 80
2011 132 497 84
2011 133 498 29
2011 134 499 29
2011 135 500 64
2011 136 501 54
2011 137 502 63
2011 138 503 57
2011 139 504 65
2011 140 505 36
2011 141 506 33
2011 142 507 44
2011 143 508 47
2011 144 509 37
2011 145 510 23
2011 146 511 23
2011 147 512 40
2011 148 513 65
2011 149 514 91
2011 150 515 89
2011 151 516 105
2011 152 517 132
2011 153 518 107
2011 154 519 118
2011 155 520 122
2011 156 521 116
2011 157 522 74
2011 158 523 67
2011 159 524 58
2011 160 525 45
2011 161 526 46
2011 162 527 35
2011 163 528 37
2011 164 529 16
2011 165 530 16
2011 166 531 48
2011 167 532 48
2011 168 533 62
2011 169 534 65
2011 170 535 67
2011 171 536 47
2011 172 537 43
2011 173 538 57
2011 174 539 44
2011 175 540 47
2011 176 541 62
2011 177 542 47
2011 178 543 26
2011 179 544 30
2011 180 545 37
2011 181 546 45
2011 182 547 34
2011 183 548 51
2011 184 549 54
2011 185 550 42
2011 186 551 44
2011 187 552 30
2011 188 553 36
2011 189 554 42
2011 190 555 65
2011 191 556 55
2011 192 557 67
2011 193 558 72
2011 194 559 62
2011 195 560 90
2011 196 561 79
2011 197 562 90
2011 198 563 75
2011 199 564 101
2011 200 565 127
2011 201 566 96
2011 202 567 79
2011 203 568 56
2011 204 569 54
2011 205 570 41
2011 206 571 46
2011 207 572 38
2011 208 573 30
2011 209 574 54
2011 210 575 84
2011 211 576 88
2011 212 577 101
2011 213 578 128
2011 214 579 130
2011 215 580 98
2011 216 581 66
2011 217 582 81
2011 218 583 94
2011 219 584 85
2011 220 585 89
2011 221 586 80
2011 222 587 54
2011 223 588 43
2011 224 589 36
2011 225 590 25
2011 226 591 35
2011 227 592 0
2011 228 593 13
2011 229 594 26
2011 230 595 44
2011 231 596 53
2011 232 597 46
2011 233 598 59
2011 234 599 66
2011 235 600 82
2011 236 601 81
2011 237 602 75
2011 238 603 97
2011 239 604 76
2011 240 605 63
2011 241 606 73
2011 242 607 66
2011 243 608 89
2011 244 609 121
2011 245 610 119
2011 246 611 103
2011 247 612 139
2011 248 613 114
2011 249 614 102
2011 250 615 93
2011 251 616 60
2011 252 617 47
2011 253 618 65
2011 254 619 77
2011 255 620 94
2011 256 621 97
2011 257 622 118
2011 258 623 144
2011 259 624 167
2011 260 625 173
2011 261 626 138
2011 262 627 144
2011 263 628 128
2011 264 629 101
2011 265 630 108
2011 266 631 86
2011 267 632 90
2011 268 633 88
2011 269 634 108
2011 270 635 103
2011 271 636 82
2011 272 637 116
2011 273 638 99
2011 274 639 89
2011 275 640 86
2011 276 641 92
2011 277 642 85
2011 278 643 126
2011 279 644 100
2011 280 645 99
2011 281 646 88
2011 282 647 61
2011 283 648 71
2011 284 649 87
2011 285 650 113
2011 286 651 149
2011 287 652 147
2011 288 653 157
2011 289 654 166
2011 290 655 158
2011 291 656 165
2011 292 657 155
2011 293 658 162
2011 294 659 195
2011 295 660 207
2011 296 661 164
2011 297 662 128
2011 298 663 151
2011 299 664 147
2011 300 665 104
2011 301 666 98
2011 302 667 104
2011 303 668 73
2011 304 669 80
2011 305 670 112
2011 306 671 141
2011 307 672 121
2011 308 673 161
2011 309 674 100
2011 310 675 135
2011 311 676 144
2011 312 677 154
2011 313 678 160
2011 314 679 220
2011 315 680 0
2011 316 681 127
2011 317 682 155
2011 318 683 142
2011 319 684 176
2011 320 685 137
2011 321 686 126
2011 322 687 122
2011 323 688 137
2011 324 689 149
2011 325 690 101
2011 326 691 101
2011 327 692 132
2011 328 693 123
2011 329 694 139
2011 330 695 171
2011 331 696 133
2011 332 697 123
2011 333 698 90
2011 334 699 106
2011 335 700 111
2011 336 701 89
2011 337 702 106
2011 338 703 138
2011 339 704 154
2011 340 705 185
2011 341 706 143
2011 342 707 122
2011 343 708 142
2011 344 709 116
2011 345 710 90
2011 346 711 103
2011 347 712 70
2011 348 713 77
2011 349 714 65
2011 350 715 44
2011 351 716 60
2011 352 717 95
2011 353 718 103
2011 354 719 133
2011 355 720 139
2011 356 721 93
2011 357 722 105
2011 358 723 123
2011 359 724 101
2011 360 725 66
2011 361 726 110
2011 362 727 126
2011 363 728 122
2011 364 729 105
2011 365 730 104
2012 1 731 68
2012 2 732 61
2012 3 733 83
2012 4 734 95
2012 5 735 101
2012 6 736 99
2012 7 737 118
2012 8 738 110
2012 9 739 90
2012 10 740 90
2012 11 741 63
2012 12 742 64
2012 13 743 57
2012 14 744 81
2012 15 745 145
2012 16 746 141
2012 17 747 120
2012 18 748 152
2012 19 749 122
2012 20 750 117
2012 21 751 88
2012 22 752 102
2012 23 753 103
2012 24 754 108
2012 25 755 105
2012 26 756 68
2012 27 757 55
2012 28 758 39
2012 29 759 34
2012 30 760 74
2012 31 761 76
2012 32 762 71
2012 33 763 85
2012 34 764 85
2012 35 765 39
2012 36 766 43
2012 37 767 37
2012 38 768 27
2012 39 769 24
2012 40 770 28
2012 41 771 33
2012 42 772 51
2012 43 773 62
2012 44 774 80
2012 45 775 59
2012 46 776 64
2012 47 777 40
2012 48 778 41
2012 49 779 53
2012 50 780 63
2012 51 781 69
2012 52 782 72
2012 53 783 61
2012 54 784 31
2012 55 785 52
2012 56 786 47
2012 57 787 47
2012 58 788 58
2012 59 789 45
2012 60 790 35
2012 61 791 22
2012 62 792 24
2012 63 793 24
2012 64 794 52
2012 65 795 70
2012 66 796 105
2012 67 797 109
2012 68 798 102
2012 69 799 86
2012 70 800 96
2012 71 801 89
2012 72 802 103
2012 73 803 89
2012 74 804 80
2012 75 805 75
2012 76 806 85
2012 77 807 104
2012 78 808 89
2012 79 809 54
2012 80 810 58
2012 81 811 74
2012 82 812 62
2012 83 813 86
2012 84 814 74
2012 85 815 65
2012 86 816 84
2012 87 817 56
2012 88 818 63
2012 89 819 70
2012 90 820 100
2012 91 821 93
2012 92 822 96
2012 93 823 50
2012 94 824 67
2012 95 825 62
2012 96 826 60
2012 97 827 50
2012 98 828 39
2012 99 829 38
2012 100 830 25
2012 101 831 24
2012 102 832 24
2012 103 833 28
2012 104 834 50
2012 105 835 50
2012 106 836 65
2012 107 837 77
2012 108 838 86
2012 109 839 78
2012 110 840 96
2012 111 841 122
2012 112 842 162
2012 113 843 147
2012 114 844 118
2012 115 845 158
2012 116 846 169
2012 117 847 137
2012 118 848 117
2012 119 849 99
2012 120 850 118
2012 121 851 114
2012 122 852 104
2012 123 853 99
2012 124 854 96
2012 125 855 107
2012 126 856 101
2012 127 857 88
2012 128 858 104
2012 129 859 79
2012 130 860 90
2012 131 861 79
2012 132 862 93
2012 133 863 102
2012 134 864 85
2012 135 865 138
2012 136 866 156
2012 137 867 125
2012 138 868 122
2012 139 869 114
2012 140 870 118
2012 141 871 110
2012 142 872 124
2012 143 873 120
2012 144 874 95
2012 145 875 91
2012 146 876 96
2012 147 877 86
2012 148 878 70
2012 149 879 83
2012 150 880 87
2012 151 881 73
2012 152 882 78
2012 153 883 76
2012 154 884 151
2012 155 885 113
2012 156 886 133
2012 157 887 155
2012 158 888 154
2012 159 889 131
2012 160 890 98
2012 161 891 90
2012 162 892 107
2012 163 893 127
2012 164 894 114
2012 165 895 132
2012 166 896 145
2012 167 897 114
2012 168 898 113
2012 169 899 110
2012 170 900 96
2012 171 901 66
2012 172 902 64
2012 173 903 29
2012 174 904 13
2012 175 905 13
2012 176 906 13
2012 177 907 24
2012 178 908 14
2012 179 909 28
2012 180 910 79
2012 181 911 73
2012 182 912 97
2012 183 913 90
2012 184 914 137
2012 185 915 165
2012 186 916 136
2012 187 917 129
2012 188 918 122
2012 189 919 131
2012 190 920 127
2012 191 921 113
2012 192 922 137
2012 193 923 122
2012 194 924 94
2012 195 925 132
2012 196 926 112
2012 197 927 120
2012 198 928 134
2012 199 929 89
2012 200 930 87
2012 201 931 59
2012 202 932 39
2012 203 933 55
2012 204 934 50
2012 205 935 29
2012 206 936 60
2012 207 937 66
2012 208 938 66
2012 209 939 77
2012 210 940 91
2012 211 941 108
2012 212 942 79
2012 213 943 106
2012 214 944 116
2012 215 945 118
2012 216 946 126
2012 217 947 160
2012 218 948 140
2012 219 949 107
2012 220 950 108
2012 221 951 96
2012 222 952 99
2012 223 953 124
2012 224 954 105
2012 225 955 98
2012 226 956 76
2012 227 957 62
2012 228 958 46
2012 229 959 32
2012 230 960 34
2012 231 961 42
2012 232 962 56
2012 233 963 69
2012 234 964 52
2012 235 965 64
2012 236 966 65
2012 237 967 49
2012 238 968 69
2012 239 969 70
2012 240 970 78
2012 241 971 85
2012 242 972 73
2012 243 973 95
2012 244 974 118
2012 245 975 144
2012 246 976 120
2012 247 977 108
2012 248 978 156
2012 249 979 150
2012 250 980 105
2012 251 981 112
2012 252 982 110
2012 253 983 70
2012 254 984 87
2012 255 985 62
2012 256 986 73
2012 257 987 68
2012 258 988 44
2012 259 989 44
2012 260 990 53
2012 261 991 77
2012 262 992 51
2012 263 993 61
2012 264 994 62
2012 265 995 68
2012 266 996 74
2012 267 997 46
2012 268 998 57
2012 269 999 90
2012 270 1000 121
2012 271 1001 113
2012 272 1002 97
2012 273 1003 77
2012 274 1004 70
2012 275 1005 95
2012 276 1006 59
2012 277 1007 55
2012 278 1008 58
2012 279 1009 56
2012 280 1010 55
2012 281 1011 39
2012 282 1012 37
2012 283 1013 41
2012 284 1014 63
2012 285 1015 71
2012 286 1016 82
2012 287 1017 89
2012 288 1018 85
2012 289 1019 97
2012 290 1020 119
2012 291 1021 107
2012 292 1022 100
2012 293 1023 112
2012 294 1024 110
2012 295 1025 112
2012 296 1026 75
2012 297 1027 86
2012 298 1028 84
2012 299 1029 78
2012 300 1030 58
2012 301 1031 71
2012 302 1032 59
2012 303 1033 55
2012 304 1034 75
2012 305 1035 56
2012 306 1036 35
2012 307 1037 48
2012 308 1038 34
2012 309 1039 35
2012 310 1040 46
2012 311 1041 47
2012 312 1042 61
2012 313 1043 77
2012 314 1044 71
2012 315 1045 65
2012 316 1046 68
2012 317 1047 106
2012 318 1048 188
2012 319 1049 108
2012 320 1050 126
2012 321 1051 132
2012 322 1052 141
2012 323 1053 163
2012 324 1054 136
2012 325 1055 122
2012 326 1056 119
2012 327 1057 75
2012 328 1058 93
2012 329 1059 85
2012 330 1060 87
2012 331 1061 64
2012 332 1062 81
2012 333 1063 76
2012 334 1064 66
2012 335 1065 89
2012 336 1066 67
2012 337 1067 49
2012 338 1068 43
2012 339 1069 44
2012 340 1070 58
2012 341 1071 78
2012 342 1072 49
2012 343 1073 23
2012 344 1074 35
2012 345 1075 40
2012 346 1076 49
2012 347 1077 55
2012 348 1078 82
2012 349 1079 77
2012 350 1080 71
2012 351 1081 88
2012 352 1082 74
2012 353 1083 83
2012 354 1084 66
2012 355 1085 46
2012 356 1086 53
2012 357 1087 55
2012 358 1088 67
2012 359 1089 90
2012 360 1090 53
2012 361 1091 58
2012 362 1092 82
2012 363 1093 78
2012 364 1094 54
2012 365 1095 49
2012 366 1096 37
2013 1 1097 87
2013 2 1098 99
2013 3 1099 90
2013 4 1100 116
2013 5 1101 167
2013 6 1102 181
2013 7 1103 186
2013 8 1104 196
2013 9 1105 144
2013 10 1106 153
2013 11 1107 145
2013 12 1108 166
2013 13 1109 156
2013 14 1110 126
2013 15 1111 128
2013 16 1112 120
2013 17 1113 62
2013 18 1114 74
2013 19 1115 56
2013 20 1116 46
2013 21 1117 48
2013 22 1118 50
2013 23 1119 53
2013 24 1120 68
2013 25 1121 60
2013 26 1122 44
2013 27 1123 55
2013 28 1124 60
2013 29 1125 52
2013 30 1126 63
2013 31 1127 56
2013 32 1128 47
2013 33 1129 65
2013 34 1130 54
2013 35 1131 79
2013 36 1132 30
2013 37 1133 41
2013 38 1134 39
2013 39 1135 58
2013 40 1136 57
2013 41 1137 58
2013 42 1138 45
2013 43 1139 60
2013 44 1140 55
2013 45 1141 26
2013 46 1142 25
2013 47 1143 59
2013 48 1144 75
2013 49 1145 74
2013 50 1146 92
2013 51 1147 117
2013 52 1148 106
2013 53 1149 75
2013 54 1150 79
2013 55 1151 56
2013 56 1152 25
2013 57 1153 59
2013 58 1154 49
2013 59 1155 61
2013 60 1156 63
2013 61 1157 88
2013 62 1158 90
2013 63 1159 115
2013 64 1160 103
2013 65 1161 106
2013 66 1162 88
2013 67 1163 80
2013 68 1164 59
2013 69 1165 63
2013 70 1166 89
2013 71 1167 105
2013 72 1168 95
2013 73 1169 103
2013 74 1170 133
2013 75 1171 105
2013 76 1172 90
2013 77 1173 126
2013 78 1174 116
2013 79 1175 68
2013 80 1176 70
2013 81 1177 60
2013 82 1178 54
2013 83 1179 56
2013 84 1180 45
2013 85 1181 56
2013 86 1182 41
2013 87 1183 35
2013 88 1184 49
2013 89 1185 73
2013 90 1186 70
2013 91 1187 83
2013 92 1188 84
2013 93 1189 103
2013 94 1190 109
2013 95 1191 119
2013 96 1192 146
2013 97 1193 117
2013 98 1194 144
2013 99 1195 162
2013 100 1196 116
2013 101 1197 163
2013 102 1198 121
2013 103 1199 128
2013 104 1200 148
2013 105 1201 111
2013 106 1202 99
2013 107 1203 97
2013 108 1204 89
2013 109 1205 86
2013 110 1206 101
2013 111 1207 101
2013 112 1208 76
2013 113 1209 83
2013 114 1210 95
2013 115 1211 92
2013 116 1212 93
2013 117 1213 104
2013 118 1214 100
2013 119 1215 97
2013 120 1216 136
2013 121 1217 165
2013 122 1218 151
2013 123 1219 102
2013 124 1220 139
2013 125 1221 156
